58
10
100
10
3
1321000100110000000000100100000000000000000000000100000000011100010000000000000000000000000000000110000
0000000011000000010001000000000000000000000000000000000101001101100000000000000000000000000000000000
0000111001100000011100000000000000000000000000000000001001000001100000000000000000000000000000000000
0000010010100000011000000000000000000000000000000000001010000000000000000000000000000000000000000000
0000001111000000000000000000000000000000001010001110000011000000000000000000000000000000000111000000
0000000110000000000000000000000000000000001010111110000001100110000000000000000000000000000100110000
0100000000000000000000000000000000001100000010110000000001100000000000000000000000000000000110001000
1111000000000000000111000000000000001100000011001110000000000000000000000000000000000000000001100000
0001100000000000000000000000000000000000000010000110000000000000000000000000000000000000000000001001
0110000110000000000100100000000000000000000001010000000001000000000000000000000000000000000000010001
0100100000100000000000100000000000000000000000000000000000000000000000000000000001100001000000000000
0011000000000000000010100000000001110001110000000000000000000000000000000000000000100010000000000000
0000000000010110000000000000000000000000000000000000000000000100000000000000000000001000001110000000
0000000000010100000000000000000000000100000000000000000000001010000000000000000000000000000000000000
0000000100000000000000000000000000000100000000000000000000001010000000000000000000010000000000000000
0000000110011100000000000000000000000100000000000000000000000100000000000000001100101000000000000000
1000000000101000000000000000000000000000000000000000000000000000000000000000000000110100000000000001
1110000011000000000000000000000000000000000000000000000000000000000000000000000111101110000000000000
1001100000100000001010000000000000000000000000000000000000000000000000000000000100101001000000000000
0100000000000000001000000000000000000000000000000000000000000000000000000000000100000001000000000000
0110000000000000000000000000000000000000000000000000000000000000000000000010000000000000000000001000
0110110000011000000000000000000000000110000000001100000000000000000000000101000000000000000000000100
0111100000101000000000000000000000000110000000001100000000000000000000000101000000000000000000011101
1011000000010000000000000000000000000000000000000000000000000000000000000010000000000000000000010010
1011000000000000000000000000000000000000000000000000000000000000000000000000000000000000000000001110
1000000000000000000000000000000000000000000000001100000000000000000000000000000000000000110000000000
1100000000000000000000000000000000000000000000001001000000000000000000000000000011000000110000000000
0000000000000000000000000000000000000000000000000101000000000000000000000000000100100000000000000000
1000110000000000000000000000000000000000000000000111000000000000000000000000000011000000000000000000
1000000000000000000000000000000000000000000000000000000000000000000000000000000000000000000000001000
0000000000000000000000000111011100000000000100100000000000000000000000000000001000000000000000000000
0000000000000000000000000100001000000000001000010000000000000000000000000000001000110000000000000000
0000000000000000000000000010010000000011001110010000000000000000000000000000000100001000000000000000
0000000000000000000000000001110000000100100110110000000000000000000000000000000001101100000000000000
0000000000000000000100000000000000000011000011100000000000000000000000000000000000101000000000000000
0000000000000000001010000000000000000000000001000000000000000000000000000000000000101000000000000000
0000000000000000000100000000010000000000000000000000000000000000000000000000000000101000000000000000
0000000000000000000000000000110000000000000000000000000000000000000000000000000001100100000000000000
0000000000000000000000000000010000000000000000000000000000000000000000000000000101101110000000000000
0000000000000000000000000010011000000000000110000000000000000000000000000000001001000000000011100000
1010000000000000000000000000001110000000000000000000000000000000000000000000000000000000000100000000
1001000000000000000000000000010010000000000000000000000000000000000000000000000000000000000101000000
1101100000000000000000000000010110000000000000000010010000110000000000000000000000000000000011000000
0010000000000000000000000000000100000000001100000011010000110000000000000000000000000000000000000000
0000000000000000000000000000000000000000001100000000100000000000000000000000000000011000000000000000
0000000000000000000000000111000000000000000000000000000000000000000000000000000000010100000000000000
1000000000000000000000000110000000000000000000000011000001100000000000000000000000001100000000000001
1000000000000000000000111101000000000000000000000011000001100000000000000000000000000000000000000001
1000000000000000000000011110000000000000000000000000000000000000000000000000000111000000000011000000
1110000000000000000000001100001100000000000000000000000000000000000000000000000000000000000101000000
1000000000000000000000000000000000000000011000000000000000000110000000000000100011000000000000000000
0000000000000000000111000000000000000000010010000000001100001001000000000000000000000000000000000000
0000000000000000000000000000000000000000000001000000010000001010000000000000000001100000000000000000
0000000000000000000000000000000000000000001010000000010010000100000000000000000010100000000000000000
1000000000010000000000000000000000000000000000000000001001000000000000000000000101000000000000000000
1100000000101000000000000000000000000000000000000000000010000000000000000000000010100011000000000001
0110000000101000000000000000000000000000000000000000010110000000000000000000000000100000100000000011
0111000000010000000000000000000000000000000000000000011000000000000000000000010000100011000000000111
0110000000000000000000000000000000000000000000000000000000000000000000000000000001010110000000000011
1100000000000000000000000000000000000000000000000000000000000000000000000000110100000000000000000001
0000000000000000000000000000110000000000000000000000000001100001000000000000000000000000000000011010
0000000000000000000000000000110000000000000000000000000001101000000000000000000000000000000000000011
0000000000000000000000000000000000000000000000000000000001100000110000000000000000000000000000000000
0100000000000000000000000000000000000000000000000000000000010000110000000000000000000000000000001100
1000000000000000000000000000011000000000000000000000000000010001100000000000000000000000000110011000
0000000000000000000000000000100100000000011000000000000000000110000000000000000000000000001101000111
0000000000000000000000000000011000000000011000000000000000000000000000000001100000000000001001000000
0000000000000000000000000000000000000000000000000000000000000000000000000010010000000000000101000000
0000000000000000000000000000000000000000000000000000000000011100000000000001100000000000000000000000
0000000000000000000000000000000000011100000000000000000000000010000000000000000000000000000000011000
0000000000000000000000101000000100110000101000010000010000000000000000000000000101000000000000000000
0000000000000000000001000001000010001100110110010000010000000000000000000000001000000000000000000000
0001100000000000000001001111100010000001001101110000010000000000001100000000001000110000000000000000
0001111000000000000001100011100000111101101101101000000000000000001100000000000110000000000000000000
0000000000000000000000000000000000001001100101100110000000000000000000000001100000110000000000000000
0000011000000000000000000000000000000001100000100000000000000000000000000001010000000000000000000000
0000010000000000000000000000000000000101000101000000000000000000000000000000100000000000000000000000
0000000000000000000000000000000100001000000010000000100000000000000001100000000000000000000000000000
0000000000000000000000000000000101000110000000000000110000000000000001100000000000000000000110000000
0000000000000000000000000000000000100000011000000110110000000000000000000000000000000000000110000000
0000000011000000000000011100000000000000011000000000000010100001110000110000000000000000000000000000
0000000011000000000000000110000000000000001100000000000000000001010000000000000000000000000000000000
0000000000000000000000001100000000000000111000000000000011100011000000000000011000000000000000000000
0000000000000000111000001100000000000000011000000000000000000000000000001100100100000000000000000000
0000001110000001111000000000000000000011011000000000000000000001010000010011001000000000000000000000
0000001100000010000000000000000000000011010000000000000000000000111000010010010000000000000000000000
0000001111100101000010000000000000000111000000000000000000000000010100001000000000000000001110000000
0000000001100100000000000000000000000001000000000000000000000000010101000000000000000000001010000000
0000000000010000000000000000000000000000000000000000000000000001110100010000000000000000001110000000
0000000011000000000000010000000000000000011010000000000001000001001001001000000000000000000000000000
0000000000000000000000000000000000000001011000011000100000000000000000000000000000000000010100000000
0000000000000000000000000000000000000001011000010100100000000000000000000000001110000000000000000000
0000000000000000000000000000111000000000100111000010000000011100000000000000010011000000001100000000
0000000011000100000000000000000000000000000001111100000000000000000000000000011000100000100000000000
0000000101010010000000000000000000000000000101011100000000000000000001110000000000110000000000000000
0001100101000001011000000000000000000000000110000000000000000000000000000000000000111000100010000000
0001100011110000001000000000000000000000000000000000000000000000000000000000000000110000100110000000
0000000000000000010000000000000000000000000000000011000000000000000000000000011000100000110110000000
0000000000000001010000000000000000000000000000000011000000000000000000000000010011000000110000000000
0000000000000000000000000000000000000000100000000000000000000000000000000000001110000000010100000000
